environment <- list('clientId' = '2b3d8fc9-dd20-4c3b-91d4-3ad9d312d555',
                 'clientSecret' = 'd87d462e-b712-4f59-bec7-0f1d9147777e',
                 'redirectUrl' = 'http://wcharlesm.shinyapps.io/RCigna',
                 'nathodToken' = '5a4c1cdd-f841-4b80-bbfe-d83a8ceda2f6')